nodes:
0 548 246
1 0 0
2 0 246
3 0 492
4 548 0
5 548 492
6 1096 0
7 1096 246
8 1096 492
9 274 123
10 0 0
11 0 123
12 0 246
13 274 0
14 274 246
15 548 0
16 548 123
17 548 246
18 137 61
19 0 0
20 0 61
21 0 123
22 137 0
23 137 123
24 274 0
25 274 61
26 274 123
27 68 30
28 0 0
29 0 30
30 0 61
31 68 0
32 68 61
33 137 0
34 137 30
35 137 61
36 102 15
37 68 0
38 68 15
39 68 30
40 102 0
41 102 30
42 137 0
43 137 15
44 137 30
45 102 45
46 68 30
47 68 45
48 68 61
49 102 30
50 102 61
51 137 30
52 137 45
53 137 61
54 68 91
55 0 61
56 0 91
57 0 123
58 68 61
59 68 123
60 137 61
61 137 91
62 137 123
63 34 76
64 0 61
65 0 76
66 0 91
67 34 61
68 34 91
69 68 61
70 68 76
71 68 91
72 102 76
73 68 61
74 68 76
75 68 91
76 102 61
77 102 91
78 137 61
79 137 76
80 137 91
81 205 91
82 137 61
83 137 91
84 137 123
85 205 61
86 205 123
87 274 61
88 274 91
89 274 123
90 239 106
91 205 91
92 205 106
93 205 123
94 239 91
95 239 123
96 274 91
97 274 106
98 274 123
99 411 61
100 274 0
101 274 61
102 274 123
103 411 0
104 411 123
105 548 0
106 548 61
107 548 123
108 479 30
109 411 0
110 411 30
111 411 61
112 479 0
113 479 61
114 548 0
115 548 30
116 548 61
117 513 15
118 479 0
119 479 15
120 479 30
121 513 0
122 513 30
123 548 0
124 548 15
125 548 30
126 513 45
127 479 30
128 479 45
129 479 61
130 513 30
131 513 61
132 548 30
133 548 45
134 548 61
135 479 91
136 411 61
137 411 91
138 411 123
139 479 61
140 479 123
141 548 61
142 548 91
143 548 123
144 513 76
145 479 61
146 479 76
147 479 91
148 513 61
149 513 91
150 548 61
151 548 76
152 548 91
153 513 106
154 479 91
155 479 106
156 479 123
157 513 91
158 513 123
159 548 91
160 548 106
161 548 123
162 137 184
163 0 123
164 0 184
165 0 246
166 137 123
167 137 246
168 274 123
169 274 184
170 274 246
171 205 153
172 137 123
173 137 153
174 137 184
175 205 123
176 205 184
177 274 123
178 274 153
179 274 184
180 171 138
181 137 123
182 137 138
183 137 153
184 171 123
185 171 153
186 205 123
187 205 138
188 205 153
189 239 138
190 205 123
191 205 138
192 205 153
193 239 123
194 239 153
195 274 123
196 274 138
197 274 153
198 171 168
199 137 153
200 137 168
201 137 184
202 171 153
203 171 184
204 205 153
205 205 168
206 205 184
207 205 214
208 137 184
209 137 214
210 137 246
211 205 184
212 205 246
213 274 184
214 274 214
215 274 246
216 171 199
217 137 184
218 137 199
219 137 214
220 171 184
221 171 214
222 205 184
223 205 199
224 205 214
225 239 199
226 205 184
227 205 199
228 205 214
229 239 184
230 239 214
231 274 184
232 274 199
233 274 214
234 239 229
235 205 214
236 205 229
237 205 246
238 239 214
239 239 246
240 274 214
241 274 229
242 274 246
243 411 184
244 274 123
245 274 184
246 274 246
247 411 123
248 411 246
249 548 123
250 548 184
251 548 246
252 342 153
253 274 123
254 274 153
255 274 184
256 342 123
257 342 184
258 411 123
259 411 153
260 411 184
261 308 138
262 274 123
263 274 138
264 274 153
265 308 123
266 308 153
267 342 123
268 342 138
269 342 153
270 308 168
271 274 153
272 274 168
273 274 184
274 308 153
275 308 184
276 342 153
277 342 168
278 342 184
279 342 214
280 274 184
281 274 214
282 274 246
283 342 184
284 342 246
285 411 184
286 411 214
287 411 246
288 308 199
289 274 184
290 274 199
291 274 214
292 308 184
293 308 214
294 342 184
295 342 199
296 342 214
297 376 199
298 342 184
299 342 199
300 342 214
301 376 184
302 376 214
303 411 184
304 411 199
305 411 214
306 308 229
307 274 214
308 274 229
309 274 246
310 308 214
311 308 246
312 342 214
313 342 229
314 342 246
315 376 229
316 342 214
317 342 229
318 342 246
319 376 214
320 376 246
321 411 214
322 411 229
323 411 246
324 479 214
325 411 184
326 411 214
327 411 246
328 479 184
329 479 246
330 548 184
331 548 214
332 548 246
333 445 199
334 411 184
335 411 199
336 411 214
337 445 184
338 445 214
339 479 184
340 479 199
341 479 214
342 513 199
343 479 184
344 479 199
345 479 214
346 513 184
347 513 214
348 548 184
349 548 199
350 548 214
351 513 229
352 479 214
353 479 229
354 479 246
355 513 214
356 513 246
357 548 214
358 548 229
359 548 246
360 822 123
361 548 0
362 548 123
363 548 246
364 822 0
365 822 246
366 1096 0
367 1096 123
368 1096 246
369 685 61
370 548 0
371 548 61
372 548 123
373 685 0
374 685 123
375 822 0
376 822 61
377 822 123
378 616 30
379 548 0
380 548 30
381 548 61
382 616 0
383 616 61
384 685 0
385 685 30
386 685 61
387 650 15
388 616 0
389 616 15
390 616 30
391 650 0
392 650 30
393 685 0
394 685 15
395 685 30
396 753 30
397 685 0
398 685 30
399 685 61
400 753 0
401 753 61
402 822 0
403 822 30
404 822 61
405 719 45
406 685 30
407 685 45
408 685 61
409 719 30
410 719 61
411 753 30
412 753 45
413 753 61
414 616 91
415 548 61
416 548 91
417 548 123
418 616 61
419 616 123
420 685 61
421 685 91
422 685 123
423 582 106
424 548 91
425 548 106
426 548 123
427 582 91
428 582 123
429 616 91
430 616 106
431 616 123
432 650 106
433 616 91
434 616 106
435 616 123
436 650 91
437 650 123
438 685 91
439 685 106
440 685 123
441 753 91
442 685 61
443 685 91
444 685 123
445 753 61
446 753 123
447 822 61
448 822 91
449 822 123
450 719 76
451 685 61
452 685 76
453 685 91
454 719 61
455 719 91
456 753 61
457 753 76
458 753 91
459 719 106
460 685 91
461 685 106
462 685 123
463 719 91
464 719 123
465 753 91
466 753 106
467 753 123
468 959 61
469 822 0
470 822 61
471 822 123
472 959 0
473 959 123
474 1096 0
475 1096 61
476 1096 123
477 890 91
478 822 61
479 822 91
480 822 123
481 890 61
482 890 123
483 959 61
484 959 91
485 959 123
486 856 76
487 822 61
488 822 76
489 822 91
490 856 61
491 856 91
492 890 61
493 890 76
494 890 91
495 924 76
496 890 61
497 890 76
498 890 91
499 924 61
500 924 91
501 959 61
502 959 76
503 959 91
504 856 106
505 822 91
506 822 106
507 822 123
508 856 91
509 856 123
510 890 91
511 890 106
512 890 123
513 924 106
514 890 91
515 890 106
516 890 123
517 924 91
518 924 123
519 959 91
520 959 106
521 959 123
522 1027 91
523 959 61
524 959 91
525 959 123
526 1027 61
527 1027 123
528 1096 61
529 1096 91
530 1096 123
531 993 106
532 959 91
533 959 106
534 959 123
535 993 91
536 993 123
537 1027 91
538 1027 106
539 1027 123
540 685 184
541 548 123
542 548 184
543 548 246
544 685 123
545 685 246
546 822 123
547 822 184
548 822 246
549 616 153
550 548 123
551 548 153
552 548 184
553 616 123
554 616 184
555 685 123
556 685 153
557 685 184
558 582 138
559 548 123
560 548 138
561 548 153
562 582 123
563 582 153
564 616 123
565 616 138
566 616 153
567 650 138
568 616 123
569 616 138
570 616 153
571 650 123
572 650 153
573 685 123
574 685 138
575 685 153
576 959 184
577 822 123
578 822 184
579 822 246
580 959 123
581 959 246
582 1096 123
583 1096 184
584 1096 246
585 890 153
586 822 123
587 822 153
588 822 184
589 890 123
590 890 184
591 959 123
592 959 153
593 959 184
594 856 138
595 822 123
596 822 138
597 822 153
598 856 123
599 856 153
600 890 123
601 890 138
602 890 153
603 856 168
604 822 153
605 822 168
606 822 184
607 856 153
608 856 184
609 890 153
610 890 168
611 890 184
612 1027 153
613 959 123
614 959 153
615 959 184
616 1027 123
617 1027 184
618 1096 123
619 1096 153
620 1096 184
621 993 138
622 959 123
623 959 138
624 959 153
625 993 123
626 993 153
627 1027 123
628 1027 138
629 1027 153
630 993 168
631 959 153
632 959 168
633 959 184
634 993 153
635 993 184
636 1027 153
637 1027 168
638 1027 184
639 890 214
640 822 184
641 822 214
642 822 246
643 890 184
644 890 246
645 959 184
646 959 214
647 959 246
648 856 199
649 822 184
650 822 199
651 822 214
652 856 184
653 856 214
654 890 184
655 890 199
656 890 214
657 856 229
658 822 214
659 822 229
660 822 246
661 856 214
662 856 246
663 890 214
664 890 229
665 890 246
666 1027 214
667 959 184
668 959 214
669 959 246
670 1027 184
671 1027 246
672 1096 184
673 1096 214
674 1096 246
675 993 199
676 959 184
677 959 199
678 959 214
679 993 184
680 993 214
681 1027 184
682 1027 199
683 1027 214
684 993 229
685 959 214
686 959 229
687 959 246
688 993 214
689 993 246
690 1027 214
691 1027 229
692 1027 246
693 274 369
694 0 246
695 0 369
696 0 492
697 274 246
698 274 492
699 548 246
700 548 369
701 548 492
702 137 307
703 0 246
704 0 307
705 0 369
706 137 246
707 137 369
708 274 246
709 274 307
710 274 369
711 68 276
712 0 246
713 0 276
714 0 307
715 68 246
716 68 307
717 137 246
718 137 276
719 137 307
720 34 291
721 0 276
722 0 291
723 0 307
724 34 276
725 34 307
726 68 276
727 68 291
728 68 307
729 102 291
730 68 276
731 68 291
732 68 307
733 102 276
734 102 307
735 137 276
736 137 291
737 137 307
738 68 337
739 0 307
740 0 337
741 0 369
742 68 307
743 68 369
744 137 307
745 137 337
746 137 369
747 34 322
748 0 307
749 0 322
750 0 337
751 34 307
752 34 337
753 68 307
754 68 322
755 68 337
756 102 322
757 68 307
758 68 322
759 68 337
760 102 307
761 102 337
762 137 307
763 137 322
764 137 337
765 34 352
766 0 337
767 0 352
768 0 369
769 34 337
770 34 369
771 68 337
772 68 352
773 68 369
774 102 352
775 68 337
776 68 352
777 68 369
778 102 337
779 102 369
780 137 337
781 137 352
782 137 369
783 411 307
784 274 246
785 274 307
786 274 369
787 411 246
788 411 369
789 548 246
790 548 307
791 548 369
792 342 276
793 274 246
794 274 276
795 274 307
796 342 246
797 342 307
798 411 246
799 411 276
800 411 307
801 308 291
802 274 276
803 274 291
804 274 307
805 308 276
806 308 307
807 342 276
808 342 291
809 342 307
810 479 276
811 411 246
812 411 276
813 411 307
814 479 246
815 479 307
816 548 246
817 548 276
818 548 307
819 513 261
820 479 246
821 479 261
822 479 276
823 513 246
824 513 276
825 548 246
826 548 261
827 548 276
828 445 291
829 411 276
830 411 291
831 411 307
832 445 276
833 445 307
834 479 276
835 479 291
836 479 307
837 513 291
838 479 276
839 479 291
840 479 307
841 513 276
842 513 307
843 548 276
844 548 291
845 548 307
846 342 337
847 274 307
848 274 337
849 274 369
850 342 307
851 342 369
852 411 307
853 411 337
854 411 369
855 308 322
856 274 307
857 274 322
858 274 337
859 308 307
860 308 337
861 342 307
862 342 322
863 342 337
864 308 352
865 274 337
866 274 352
867 274 369
868 308 337
869 308 369
870 342 337
871 342 352
872 342 369
873 376 352
874 342 337
875 342 352
876 342 369
877 376 337
878 376 369
879 411 337
880 411 352
881 411 369
882 479 337
883 411 307
884 411 337
885 411 369
886 479 307
887 479 369
888 548 307
889 548 337
890 548 369
891 445 322
892 411 307
893 411 322
894 411 337
895 445 307
896 445 337
897 479 307
898 479 322
899 479 337
900 513 322
901 479 307
902 479 322
903 479 337
904 513 307
905 513 337
906 548 307
907 548 322
908 548 337
909 445 352
910 411 337
911 411 352
912 411 369
913 445 337
914 445 369
915 479 337
916 479 352
917 479 369
918 513 352
919 479 337
920 479 352
921 479 369
922 513 337
923 513 369
924 548 337
925 548 352
926 548 369
927 137 430
928 0 369
929 0 430
930 0 492
931 137 369
932 137 492
933 274 369
934 274 430
935 274 492
936 68 399
937 0 369
938 0 399
939 0 430
940 68 369
941 68 430
942 137 369
943 137 399
944 137 430
945 34 384
946 0 369
947 0 384
948 0 399
949 34 369
950 34 399
951 68 369
952 68 384
953 68 399
954 34 414
955 0 399
956 0 414
957 0 430
958 34 399
959 34 430
960 68 399
961 68 414
962 68 430
963 205 399
964 137 369
965 137 399
966 137 430
967 205 369
968 205 430
969 274 369
970 274 399
971 274 430
972 171 384
973 137 369
974 137 384
975 137 399
976 171 369
977 171 399
978 205 369
979 205 384
980 205 399
981 171 414
982 137 399
983 137 414
984 137 430
985 171 399
986 171 430
987 205 399
988 205 414
989 205 430
990 68 460
991 0 430
992 0 460
993 0 492
994 68 430
995 68 492
996 137 430
997 137 460
998 137 492
999 34 445
1000 0 430
1001 0 445
1002 0 460
1003 34 430
1004 34 460
1005 68 430
1006 68 445
1007 68 460
1008 34 475
1009 0 460
1010 0 475
1011 0 492
1012 34 460
1013 34 492
1014 68 460
1015 68 475
1016 68 492
1017 102 475
1018 68 460
1019 68 475
1020 68 492
1021 102 460
1022 102 492
1023 137 460
1024 137 475
1025 137 492
1026 205 460
1027 137 430
1028 137 460
1029 137 492
1030 205 430
1031 205 492
1032 274 430
1033 274 460
1034 274 492
1035 171 445
1036 137 430
1037 137 445
1038 137 460
1039 171 430
1040 171 460
1041 205 430
1042 205 445
1043 205 460
1044 171 475
1045 137 460
1046 137 475
1047 137 492
1048 171 460
1049 171 492
1050 205 460
1051 205 475
1052 205 492
1053 411 430
1054 274 369
1055 274 430
1056 274 492
1057 411 369
1058 411 492
1059 548 369
1060 548 430
1061 548 492
1062 342 399
1063 274 369
1064 274 399
1065 274 430
1066 342 369
1067 342 430
1068 411 369
1069 411 399
1070 411 430
1071 308 384
1072 274 369
1073 274 384
1074 274 399
1075 308 369
1076 308 399
1077 342 369
1078 342 384
1079 342 399
1080 376 384
1081 342 369
1082 342 384
1083 342 399
1084 376 369
1085 376 399
1086 411 369
1087 411 384
1088 411 399
1089 376 414
1090 342 399
1091 342 414
1092 342 430
1093 376 399
1094 376 430
1095 411 399
1096 411 414
1097 411 430
1098 479 399
1099 411 369
1100 411 399
1101 411 430
1102 479 369
1103 479 430
1104 548 369
1105 548 399
1106 548 430
1107 513 384
1108 479 369
1109 479 384
1110 479 399
1111 513 369
1112 513 399
1113 548 369
1114 548 384
1115 548 399
1116 513 414
1117 479 399
1118 479 414
1119 479 430
1120 513 399
1121 513 430
1122 548 399
1123 548 414
1124 548 430
1125 822 369
1126 548 246
1127 548 369
1128 548 492
1129 822 246
1130 822 492
1131 1096 246
1132 1096 369
1133 1096 492
1134 685 307
1135 548 246
1136 548 307
1137 548 369
1138 685 246
1139 685 369
1140 822 246
1141 822 307
1142 822 369
1143 616 276
1144 548 246
1145 548 276
1146 548 307
1147 616 246
1148 616 307
1149 685 246
1150 685 276
1151 685 307
1152 582 291
1153 548 276
1154 548 291
1155 548 307
1156 582 276
1157 582 307
1158 616 276
1159 616 291
1160 616 307
1161 753 276
1162 685 246
1163 685 276
1164 685 307
1165 753 246
1166 753 307
1167 822 246
1168 822 276
1169 822 307
1170 787 291
1171 753 276
1172 753 291
1173 753 307
1174 787 276
1175 787 307
1176 822 276
1177 822 291
1178 822 307
1179 616 337
1180 548 307
1181 548 337
1182 548 369
1183 616 307
1184 616 369
1185 685 307
1186 685 337
1187 685 369
1188 650 322
1189 616 307
1190 616 322
1191 616 337
1192 650 307
1193 650 337
1194 685 307
1195 685 322
1196 685 337
1197 650 352
1198 616 337
1199 616 352
1200 616 369
1201 650 337
1202 650 369
1203 685 337
1204 685 352
1205 685 369
1206 753 337
1207 685 307
1208 685 337
1209 685 369
1210 753 307
1211 753 369
1212 822 307
1213 822 337
1214 822 369
1215 787 322
1216 753 307
1217 753 322
1218 753 337
1219 787 307
1220 787 337
1221 822 307
1222 822 322
1223 822 337
1224 959 307
1225 822 246
1226 822 307
1227 822 369
1228 959 246
1229 959 369
1230 1096 246
1231 1096 307
1232 1096 369
1233 890 276
1234 822 246
1235 822 276
1236 822 307
1237 890 246
1238 890 307
1239 959 246
1240 959 276
1241 959 307
1242 856 261
1243 822 246
1244 822 261
1245 822 276
1246 856 246
1247 856 276
1248 890 246
1249 890 261
1250 890 276
1251 924 261
1252 890 246
1253 890 261
1254 890 276
1255 924 246
1256 924 276
1257 959 246
1258 959 261
1259 959 276
1260 856 291
1261 822 276
1262 822 291
1263 822 307
1264 856 276
1265 856 307
1266 890 276
1267 890 291
1268 890 307
1269 890 337
1270 822 307
1271 822 337
1272 822 369
1273 890 307
1274 890 369
1275 959 307
1276 959 337
1277 959 369
1278 856 322
1279 822 307
1280 822 322
1281 822 337
1282 856 307
1283 856 337
1284 890 307
1285 890 322
1286 890 337
1287 924 322
1288 890 307
1289 890 322
1290 890 337
1291 924 307
1292 924 337
1293 959 307
1294 959 322
1295 959 337
1296 856 352
1297 822 337
1298 822 352
1299 822 369
1300 856 337
1301 856 369
1302 890 337
1303 890 352
1304 890 369
1305 924 352
1306 890 337
1307 890 352
1308 890 369
1309 924 337
1310 924 369
1311 959 337
1312 959 352
1313 959 369
1314 1027 337
1315 959 307
1316 959 337
1317 959 369
1318 1027 307
1319 1027 369
1320 1096 307
1321 1096 337
1322 1096 369
1323 993 352
1324 959 337
1325 959 352
1326 959 369
1327 993 337
1328 993 369
1329 1027 337
1330 1027 352
1331 1027 369
1332 1061 352
1333 1027 337
1334 1027 352
1335 1027 369
1336 1061 337
1337 1061 369
1338 1096 337
1339 1096 352
1340 1096 369
1341 685 430
1342 548 369
1343 548 430
1344 548 492
1345 685 369
1346 685 492
1347 822 369
1348 822 430
1349 822 492
1350 616 399
1351 548 369
1352 548 399
1353 548 430
1354 616 369
1355 616 430
1356 685 369
1357 685 399
1358 685 430
1359 650 384
1360 616 369
1361 616 384
1362 616 399
1363 650 369
1364 650 399
1365 685 369
1366 685 384
1367 685 399
1368 582 414
1369 548 399
1370 548 414
1371 548 430
1372 582 399
1373 582 430
1374 616 399
1375 616 414
1376 616 430
1377 650 414
1378 616 399
1379 616 414
1380 616 430
1381 650 399
1382 650 430
1383 685 399
1384 685 414
1385 685 430
1386 616 460
1387 548 430
1388 548 460
1389 548 492
1390 616 430
1391 616 492
1392 685 430
1393 685 460
1394 685 492
1395 582 445
1396 548 430
1397 548 445
1398 548 460
1399 582 430
1400 582 460
1401 616 430
1402 616 445
1403 616 460
1404 650 445
1405 616 430
1406 616 445
1407 616 460
1408 650 430
1409 650 460
1410 685 430
1411 685 445
1412 685 460
1413 959 430
1414 822 369
1415 822 430
1416 822 492
1417 959 369
1418 959 492
1419 1096 369
1420 1096 430
1421 1096 492
1422 890 399
1423 822 369
1424 822 399
1425 822 430
1426 890 369
1427 890 430
1428 959 369
1429 959 399
1430 959 430
1431 856 384
1432 822 369
1433 822 384
1434 822 399
1435 856 369
1436 856 399
1437 890 369
1438 890 384
1439 890 399
1440 856 414
1441 822 399
1442 822 414
1443 822 430
1444 856 399
1445 856 430
1446 890 399
1447 890 414
1448 890 430
1449 1027 399
1450 959 369
1451 959 399
1452 959 430
1453 1027 369
1454 1027 430
1455 1096 369
1456 1096 399
1457 1096 430
1458 1061 384
1459 1027 369
1460 1027 384
1461 1027 399
1462 1061 369
1463 1061 399
1464 1096 369
1465 1096 384
1466 1096 399
1467 1061 414
1468 1027 399
1469 1027 414
1470 1027 430
1471 1061 399
1472 1061 430
1473 1096 399
1474 1096 414
1475 1096 430
1476 890 460
1477 822 430
1478 822 460
1479 822 492
1480 890 430
1481 890 492
1482 959 430
1483 959 460
1484 959 492
1485 856 445
1486 822 430
1487 822 445
1488 822 460
1489 856 430
1490 856 460
1491 890 430
1492 890 445
1493 890 460
1494 924 445
1495 890 430
1496 890 445
1497 890 460
1498 924 430
1499 924 460
1500 959 430
1501 959 445
1502 959 460
1503 1027 460
1504 959 430
1505 959 460
1506 959 492
1507 1027 430
1508 1027 492
1509 1096 430
1510 1096 460
1511 1096 492
1512 993 445
1513 959 430
1514 959 445
1515 959 460
1516 993 430
1517 993 460
1518 1027 430
1519 1027 445
1520 1027 460
1521 1061 445
1522 1027 430
1523 1027 445
1524 1027 460
1525 1061 430
1526 1061 460
1527 1096 430
1528 1096 445
1529 1096 460
1530 993 475
1531 959 460
1532 959 475
1533 959 492
1534 993 460
1535 993 492
1536 1027 460
1537 1027 475

elements:
